

Juliet Test Suite

------------------------------------------------------------------------

Causes: Pattern, checker (experimental)

alpha.security.taint.TaintPropagation

FPs:

243845
243813
243607
117125
117126
117365
117366

238756
238764
238774
238784
238792
238757
238765
238776
238785
238793
238758
238766
238777
238786
238801
238759
238768
238779
238787
238803
238760
238769
238780
238788
238806
238761
238770
238781
238789
238810
238762
238772
238782
238790
238763
238773
238783
238791

243843
243822
243820
243635
243830
243625


86497
86511
86512
86524
87687
87691
87735
87739
87783
87787
87879
87883
87927
87931
87975
87979


FNs:

112597

------------------------------------------------------------------------

Causes: Pattern:

Memory model lib

FNs


65436
65354
65330
65219
65208
65134
65100
64181
64161
64113
64026
64021
64016
63899
63879
63874
111866
64000
64022
64128
64157
64178
64246
64001
64023
64129
64158
64179
64247
64002
64024
64132
64159
64180
64248
64003
64025
64134
64160
64181
64249
64004
64026
64135
64161
64182
64250
64005
64112
64136
64162
64184
64251
64006
64113
64137
64163
64185
64252
64007
64114
64138
64164
64186
64254
64008
64115
64139
64165
64233
64255
64009
64116
64140
64166
64234
64256
64010
64117
64141
64167
64235
64257
64012
64118
64142
64168
64236
64258
64014
64119
64143
64169
64237
64259
64015
64120
64144
64170
64238
64261
64016
64122
64145
64171
64240
64262
64017
64123
64152
64172
64241
64264
64018
64124
64153
64174
64242
64265
64019
64125
64154
64175
64243
64020
64126
64155
64176
64244
64021
64127
64156
64177
64245

86305
86319
86320
86332
86333
86881
86895
86896
86909
87073
87087
87088
87100
87101
87457
87471
87472
87484
87485
87495
87499
87543
87547
87591
87595
87649
87663
87676
87677
88033
88047
88048
88060
88061
88119
88123
88167
88171
88225
88239
88240
88253
88263
88267
88311
88359
88363
88455
88459
88503
88551
88555

62524

62904
63005
63011
63088
63094
63158
63161
63212
63314
63361

63440
63443
63517
63553
63638
63640
63682
63734
63836
63934
63957
64041
64045
64055
64096
64200
64291
64362
64366
64654
64724
65126
65198
65314
65446
65453
65561
65566
65567
65676
65768
65907
65916
66012
66014
66143
66206
66236
66245
66260
66490
66499
66530


79822
66532
66573
66593
66756
66764
66767
66867
66869
66918
66950
66954
66963
66966
67064
67079
67118
67187
67216
67311
67421
67573
67738
67910
68068
68073
68242
68394
68438
68441
68626
68648
68914
68928
69065
69067
69076
69081
69731
69746

69585
69704
69892
69897
70039
70043
70129
70266
73503
73522
73647
73863
73905
73964
74029
74105
74720
74725
74820
74837
74871
74972
74980
75072
75104
75109
75170
75209
75279
75360
75370
75522
75610
75656
75839
75925
75957
75973
75988
75994
76029
76040
76065
76080
76184
76188
76522
76729
76782
77019
77160
77242
77446
77539
77541
78234
78419
78420
78432
78480
78575
78581
78656
78721
78722
78984
79101
79149
79171
79253
79557
79595
79745
79822
79827
79843
79874

------------------------------------------------------------------------

alpha.security.ArrayBoundV2:

Environment modeling (external variable)


FP: Memory: 77699

FP: checker: (experimental)
77651
77699
77203
77198
77155
77107
77059


===

Environment modeling rand. Memory
FN: rand. Memory
74199
62766

------------------------------------------------------------------------

alpha.security.ArrayBoundV2

Causes: checker (experimental)

FPs

77059

--------------------------------------------------------------------

alpha.security.ArrayBoundV2: out of bounds

Environment modeling (static variable)

FPs:

110604
110654
110705
110757
110844
110606
110657
110709
110796
110846
110609
110661
110748
110798
110849
110613
110700
110750
110801
112597
110652
110702
110753
110805

FPs:

102225
102269
102292
102335
102247
102270
102313
102336
102248
102291
102314

FPs:
101262
101320
101369
101418
101472
101272
101321
101370
101419
101502
101273
101322
101371
101424
101512
101274
101323
101376
101464
101513
101275
101328
101406
101465
101514
101280
101358
101416
101466
101515
101310
101368
101417
101467
101520

FPs:

100339
100340
100331
100379
100424
100568
100712
100332
100382
100445
100589
100734
100334
100384
100455
100599
100744
100335
100385
100456
100600
100745
100337
100388
100457
100601
100746
100338
100389
100458
100602
100747
100341
100390
100461
100605
100750
100342
100391
100462
100607
100751
100343
100392
100463
100608
100752
100344
100393
100464
100609
100753
100345
100394
100465
100616
100754
100346
100395
100472
100637
100792
100347
100396
100493
100647
100793
100348
100397
100503
100648
100794
100350
100398
100504
100649
100795
100351
100399
100505
100650
100798
100352
100400
100506
100653
100799
100353
100401
100509
100654
100800
100355
100402
100510
100655
100802
100357
100404
100511
100656
100809
100360
100405
100512
100657
100830
100361
100407
100513
100664
100840
100362
100408
100541
100685
100841
100364
100409
100551
100695
100842
100365
100410
100553
100696
100843
100366
100411
100554
100697
100846
100367
100412
100557
100698
100847
100368
100413
100558
100701
100850
100369
100414
100559
100703
100857
100376
100415
100560
100704
100378
100416
100561
100705


240026
240028
240045
240055
240057
240126
240262
240360
240362
240381
240784
241333
241340


FPs:

108157
108357
108517
108677
108197
108397
108557
108717
108277
108437
108597
108757
108317
108477
108637
108797

239400
239431
239448
239465
239486
239401
239432
239451
239466
239488
239402
239433
239452
239467
239489
239403
239434
239453
239468
239490
239409
239435
239454
239470
239491
239420
239436
239455
239472
239492
239421
239437
239456
239473
239493
239422
239438
239457
239474
239494
239423
239439
239458
239475
239495
239424
239440
239459
239476
239496
239425
239441
239460
239477
239497
239427
239442
239461
239479
239498
239428
239444
239462
239480
239499
239429
239445
239463
239483
239430
239447
239464
239484

------------------------------------------------------------------------
